4294967294,0
4294967278,303
4294967279,215
4243767290,0
4294967279,405
4294967278,370
4294967279,400
4294967278,0
4294967279,299
4294967279,410
4294967278,307
4294967278,341
4294967279,0
4294967294,81
12,4
28,4
27,4
4294967278,304
4294967279,283
4294967278,239
4294967278,335
10,4
4294967278,334
19,4
4294967279,157
4294967294,1431
4294967294,22
4294967294,1430
4294967294,1428
4294967294,206
4294967279,436
4294967279,416
4294967294,5
17,4
7,6
7,5
7,4
4294967278,217
4294967278,374
4294967278,366
20,5
9,4
4294967278,367
4294967278,223
20,4
31,5
40,4
40,5
4294967278,363
4294967279,302
4294967279,296
4294967278,312
4294967278,353
4294967294,6
16,2
16,6
16,7
4,4
26,12
4294967278,132
4294967278,131
4294967278,130
4294967278,129
4294967278,128
4294967278,127
4294967278,126
4294967278,125
4294967278,124
4294967278,123
4294967278,122
4294967278,121
4294967278,120
4294967278,119
4294967278,118
4294967278,117
4294967278,116
4294967278,115
4294967278,114
4294967278,113
4294967278,112
4294967278,111
4294967278,110
4294967278,109
4294967278,108
4294967278,107
4294967278,106
4294967278,105
4294967278,104
4294967278,103
4294967278,102
4294967278,101
4294967278,100
4294967278,99
4294967278,98
4294967278,97
4294967278,95
4294967278,94
4294967278,93
4294967278,92
4294967278,91
4294967278,90
4294967278,89
4294967278,87
4294967278,86
4294967278,85
4294967278,84
4294967278,83
4294967278,82
4294967278,81
4294967278,80
4294967278,79
4294967278,78
4294967278,77
4294967278,76
4294967278,75
4294967278,74
4294967278,73
4294967278,72
4294967278,70
4294967278,69
4294967278,68
4294967278,67
4294967278,66
4294967278,65
4294967278,64
4294967278,63
4294967278,62
4294967279,74
4294967279,72
4294967279,69
4294967279,67
4294967279,64
4294967279,62
4294967279,55
4294967279,51
4294967279,46
4294967279,45
4294967279,42
4294967279,39
4294967279,36
4294967279,33
4294967279,32
4294967279,31
4294967279,28
4294967279,26
4294967279,24
4294967279,19
4294967279,13
4294967279,9
4294967279,8
4294967279,7
4294967279,261
4294967279,6
4294967279,275
4294967279,5
4294967279,281
4294967279,4
4294967278,96
4294967278,306
4294967294,474
4294967294,1427
4294967278,71
4294967278,298
21,4
4294967279,60
4294967294,1425
16,5
4294967279,303
16,4
30,5
18,5
18,4
30,6
19,5
30,4
34,4
34,6
29,4
33,7
26,9
9,5
23,5
4294967294,1424
4294967279,288
4294967294,1047
4294967294,1033
4294967294,1036
4294967294,1080
4294967294,1082
4294967294,410
4294967294,411
4294967294,406
4294967294,402
4294967294,403
4294967294,412
4294967294,118
4294967294,112
4294967294,451
4294967294,453
4294967294,455
4294967294,454
4294967294,524
4294967294,110
4294967294,109
4294967294,161
4294967294,175
4294967294,173
4294967294,468
4294967294,469
4294967294,183
4294967294,199
4294967294,384
4294967294,190
4294967294,466
4294967294,415
4294967294,200
0,5
4294967294,106
4294967294,166
4294967294,24
4294967294,160
4294967294,168
4294967294,1
4294967294,15
4294967294,477
4294967294,473
4294967294,7
4294967294,93
4294967294,95
4294967294,17
4294967294,41
4294967294,43
4294967294,482
4294967294,25
4294967294,1420
4294967294,26
4294967294,203
4294967294,1418
4294967294,82
4294967294,83
4294967294,68
4294967294,67
4294967294,11
4243767290,3
4243767290,2
4294967294,127
4294967294,126
4294967294,13
4294967294,478
4294967293,131
4294967293,130
4294967293,129
4294967293,128
4294967293,127
4294967293,126
4294967293,125
4294967293,124
4294967293,123
4294967293,122
4294967293,121
4294967293,120
4294967293,119
4294967293,118
4294967293,117
4294967293,116
4294967293,115
4294967293,114
4294967293,113
4294967293,112
4294967293,111
4294967293,110
4294967293,109
4294967293,108
4294967293,107
4294967293,106
4294967293,105
4294967293,104
4294967293,103
4294967293,102
4294967293,101
4294967293,100
4294967293,99
4294967293,98
4294967293,97
4294967293,96
4294967293,95
4294967293,94
4294967293,93
4294967293,92
4294967293,91
4294967293,90
4294967293,89
4294967293,88
4294967293,87
4294967293,86
4294967293,85
4294967293,84
4294967293,83
4294967293,82
4294967293,81
4294967293,80
4294967293,79
4294967293,78
4294967293,77
4294967293,76
4294967293,75
4294967293,74
4294967293,73
4294967293,72
4294967293,71
4294967293,70
4294967293,69
4294967293,68
4294967293,67
4294967293,66
4294967293,65
4294967293,64
4294967293,63
4294967293,62
4294967293,61
4294967293,60
4294967293,59
4294967293,58
4294967293,57
4294967293,56
4294967293,55
4294967293,54
4294967293,53
4294967293,52
4294967293,51
4294967293,50
4294967293,49
